tricontext	sig_1	sig_2	sig_4	sig_5	sig_6	sig_8	sig_13	sig_15	sig_17	sig_17v2	sig_18	sig_20	sig_21	sig_26	sig_45	sig_9	sig_3	sig_14	sig_30	sig_7a	sig_7b	sig_7c	sig_7d	sig_38	sig_55	sig_ar1	sig_10a	sig_10b	sig_10c	sig_n3v2	sig_ar2
A[C>A]A	0.011	0.001	0.036	0.015	0.002	0.037	0.000	0.001	0.002	0.007	0.051	0.001	0.000	0.002	0.009	0.012	0.022	0.000	0.000	0.000	0.002	0.005	0.000	0.013	0.006	0.013	0.002	0.001	0.001	0.013	0.039
A[C>A]C	0.009	0.001	0.031	0.009	0.003	0.033	0.001	0.004	0.000	0.005	0.011	0.002	0.001	0.001	0.003	0.007	0.018	0.004	0.000	0.000	0.000	0.001	0.001	0.010	0.002	0.010	0.002	0.001	0.002	0.000	0.006
A[C>A]G	0.001	0.000	0.018	0.002	0.000	0.003	0.000	0.000	0.000	0.000	0.002	0.000	0.000	0.000	0.002	0.000	0.002	0.000	0.002	0.000	0.000	0.000	0.000	0.002	0.000	0.001	0.000	0.000	0.000	0.000	0.006
A[C>A]T	0.006	0.000	0.024	0.009	0.002	0.034	0.001	0.006	0.003	0.005	0.019	0.003	0.001	0.001	0.010	0.007	0.016	0.030	0.000	0.000	0.001	0.002	0.004	0.009	0.001	0.004	0.020	0.002	0.007	0.001	0.008
C[C>A]A	0.007	0.001	0.046	0.010	0.010	0.032	0.002	0.011	0.001	0.005	0.089	0.017	0.002	0.004	0.238	0.010	0.019	0.006	0.000	0.000	0.001	0.000	0.014	0.381	0.006	0.003	0.003	0.003	0.002	0.004	0.010
C[C>A]C	0.007	0.000	0.061	0.005	0.024	0.026	0.001	0.008	0.000	0.003	0.021	0.037	0.001	0.004	0.151	0.006	0.016	0.010	0.000	0.000	0.002	0.003	0.003	0.070	0.004	0.006	0.001	0.002	0.001	0.007	0.002
C[C>A]G	0.001	0.000	0.009	0.003	0.009	0.001	0.000	0.002	0.000	0.000	0.017	0.012	0.003	0.001	0.068	0.000	0.002	0.001	0.002	0.000	0.000	0.002	0.000	0.051	0.001	0.000	0.000	0.000	0.000	0.000	0.005
C[C>A]T	0.007	0.000	0.043	0.011	0.057	0.029	0.001	0.023	0.000	0.005	0.038	0.103	0.006	0.019	0.194	0.009	0.015	0.126	0.000	0.000	0.001	0.014	0.000	0.184	0.000	0.011	0.019	0.013	0.006	0.012	0.002
G[C>A]A	0.008	0.000	0.038	0.012	0.002	0.024	0.000	0.002	0.007	0.004	0.129	0.001	0.000	0.001	0.008	0.012	0.010	0.002	0.009	0.000	0.001	0.001	0.000	0.012	0.001	0.000	0.001	0.001	0.001	0.001	0.007
G[C>A]C	0.006	0.000	0.040	0.009	0.006	0.016	0.001	0.010	0.001	0.001	0.016	0.003	0.004	0.002	0.006	0.009	0.011	0.011	0.009	0.000	0.000	0.001	0.000	0.006	0.000	0.003	0.001	0.003	0.002	0.001	0.001
G[C>A]G	0.001	0.000	0.023	0.003	0.002	0.001	0.000	0.001	0.001	0.000	0.009	0.004	0.000	0.000	0.002	0.000	0.001	0.001	0.001	0.000	0.000	0.000	0.000	0.001	0.000	0.001	0.000	0.000	0.000	0.000	0.005
G[C>A]T	0.004	0.000	0.026	0.010	0.009	0.021	0.001	0.031	0.003	0.005	0.072	0.013	0.002	0.002	0.007	0.008	0.012	0.074	0.008	0.000	0.000	0.000	0.000	0.009	0.001	0.003	0.012	0.010	0.001	0.001	0.002
T[C>A]A	0.012	0.015	0.033	0.015	0.002	0.027	0.048	0.006	0.002	0.007	0.067	0.001	0.000	0.003	0.064	0.022	0.012	0.000	0.000	0.000	0.003	0.003	0.011	0.018	0.002	0.001	0.056	0.013	0.025	0.006	0.009
T[C>A]C	0.011	0.007	0.054	0.012	0.003	0.018	0.017	0.006	0.001	0.003	0.042	0.004	0.000	0.002	0.064	0.004	0.017	0.017	0.000	0.001	0.004	0.014	0.008	0.012	0.000	0.004	0.008	0.003	0.005	0.001	0.005
T[C>A]G	0.002	0.002	0.010	0.004	0.001	0.002	0.002	0.002	0.002	0.001	0.015	0.001	0.000	0.000	0.018	0.000	0.001	0.000	0.002	0.000	0.000	0.000	0.000	0.002	0.000	0.000	0.001	0.000	0.001	0.000	0.003
T[C>A]T	0.015	0.012	0.037	0.018	0.006	0.038	0.019	0.014	0.005	0.012	0.118	0.012	0.000	0.003	0.062	0.032	0.016	0.052	0.000	0.001	0.001	0.004	0.000	0.028	0.004	0.026	0.439	0.138	0.181	0.006	0.006
A[C>G]A	0.002	0.000	0.010	0.012	0.001	0.008	0.004	0.001	0.002	0.001	0.002	0.001	0.000	0.001	0.003	0.005	0.024	0.000	0.000	0.000	0.000	0.001	0.001	0.003	0.003	0.014	0.001	0.001	0.001	0.005	0.030
A[C>G]C	0.003	0.000	0.005	0.007	0.001	0.004	0.001	0.000	0.002	0.000	0.002	0.002	0.001	0.002	0.002	0.002	0.012	0.000	0.000	0.000	0.000	0.000	0.003	0.002	0.000	0.002	0.000	0.001	0.001	0.000	0.005
A[C>G]G	0.001	0.000	0.003	0.002	0.000	0.001	0.000	0.001	0.000	0.000	0.003	0.000	0.000	0.000	0.000	0.000	0.005	0.000	0.005	0.000	0.001	0.000	0.001	0.001	0.001	0.002	0.000	0.000	0.000	0.000	0.006
A[C>G]T	0.003	0.001	0.005	0.012	0.002	0.009	0.004	0.001	0.001	0.001	0.004	0.001	0.002	0.002	0.001	0.004	0.023	0.000	0.000	0.000	0.000	0.002	0.003	0.002	0.001	0.002	0.000	0.001	0.001	0.000	0.012
C[C>G]A	0.001	0.000	0.010	0.008	0.000	0.007	0.005	0.001	0.002	0.000	0.000	0.000	0.000	0.001	0.001	0.002	0.017	0.000	0.000	0.000	0.000	0.000	0.001	0.002	0.003	0.004	0.000	0.000	0.000	0.000	0.006
C[C>G]C	0.001	0.000	0.010	0.008	0.000	0.006	0.001	0.000	0.001	0.000	0.004	0.001	0.000	0.001	0.001	0.002	0.014	0.000	0.000	0.000	0.001	0.002	0.000	0.001	0.003	0.005	0.000	0.000	0.000	0.000	0.003
C[C>G]G	0.001	0.000	0.006	0.003	0.000	0.001	0.000	0.000	0.000	0.000	0.005	0.000	0.000	0.000	0.001	0.000	0.004	0.000	0.003	0.000	0.001	0.000	0.001	0.001	0.000	0.002	0.000	0.000	0.000	0.000	0.004
C[C>G]T	0.001	0.000	0.009	0.009	0.000	0.008	0.006	0.002	0.001	0.000	0.006	0.000	0.000	0.002	0.002	0.004	0.024	0.000	0.000	0.000	0.001	0.004	0.000	0.001	0.003	0.005	0.000	0.000	0.000	0.000	0.002
G[C>G]A	0.001	0.000	0.007	0.006	0.000	0.004	0.001	0.002	0.001	0.000	0.001	0.001	0.000	0.001	0.000	0.001	0.012	0.000	0.007	0.000	0.000	0.000	0.000	0.001	0.001	0.002	0.000	0.000	0.000	0.000	0.010
G[C>G]C	0.002	0.000	0.009	0.005	0.003	0.003	0.001	0.000	0.000	0.001	0.001	0.002	0.004	0.002	0.001	0.003	0.010	0.000	0.007	0.000	0.000	0.000	0.000	0.001	0.001	0.002	0.001	0.001	0.000	0.001	0.002
G[C>G]G	0.000	0.000	0.006	0.001	0.000	0.000	0.000	0.001	0.000	0.000	0.001	0.000	0.000	0.000	0.001	0.000	0.002	0.000	0.002	0.000	0.000	0.000	0.001	0.001	0.006	0.000	0.000	0.000	0.000	0.000	0.006
G[C>G]T	0.001	0.000	0.006	0.006	0.002	0.006	0.003	0.002	0.002	0.001	0.001	0.001	0.000	0.001	0.001	0.004	0.018	0.000	0.000	0.000	0.000	0.001	0.001	0.001	0.000	0.002	0.000	0.000	0.000	0.000	0.006
T[C>G]A	0.002	0.037	0.003	0.003	0.000	0.004	0.280	0.001	0.000	0.002	0.002	0.000	0.000	0.004	0.003	0.003	0.016	0.000	0.000	0.000	0.000	0.002	0.004	0.003	0.007	0.010	0.000	0.000	0.000	0.000	0.010
T[C>G]C	0.002	0.000	0.010	0.008	0.000	0.004	0.064	0.003	0.001	0.000	0.008	0.000	0.000	0.003	0.002	0.002	0.020	0.000	0.000	0.000	0.002	0.005	0.001	0.002	0.003	0.005	0.000	0.000	0.000	0.000	0.009
T[C>G]G	0.000	0.002	0.003	0.001	0.000	0.000	0.010	0.000	0.000	0.000	0.002	0.000	0.000	0.000	0.000	0.000	0.003	0.000	0.002	0.000	0.000	0.000	0.001	0.001	0.000	0.001	0.000	0.000	0.000	0.000	0.006
T[C>G]T	0.003	0.067	0.005	0.007	0.000	0.006	0.330	0.002	0.003	0.001	0.004	0.001	0.000	0.008	0.003	0.005	0.033	0.000	0.000	0.000	0.001	0.012	0.000	0.004	0.002	0.034	0.000	0.000	0.001	0.001	0.023
A[C>T]A	0.030	0.007	0.012	0.022	0.031	0.018	0.001	0.012	0.009	0.003	0.004	0.033	0.005	0.006	0.001	0.009	0.018	0.029	0.065	0.000	0.001	0.001	0.003	0.003	0.005	0.079	0.002	0.002	0.003	0.016	0.048
A[C>T]C	0.014	0.003	0.008	0.013	0.016	0.006	0.000	0.017	0.004	0.003	0.002	0.022	0.006	0.011	0.001	0.006	0.009	0.032	0.054	0.018	0.038	0.008	0.001	0.002	0.000	0.000	0.005	0.006	0.002	0.001	0.008
A[C>T]G	0.172	0.003	0.003	0.017	0.091	0.019	0.000	0.031	0.009	0.017	0.008	0.035	0.026	0.020	0.005	0.012	0.004	0.050	0.020	0.000	0.001	0.001	0.001	0.005	0.005	0.060	0.011	0.018	0.004	0.023	0.005
A[C>T]T	0.013	0.003	0.006	0.016	0.015	0.021	0.000	0.007	0.006	0.006	0.006	0.019	0.003	0.011	0.001	0.008	0.015	0.028	0.022	0.007	0.011	0.007	0.033	0.002	0.001	0.005	0.008	0.005	0.004	0.000	0.014
C[C>T]A	0.021	0.015	0.021	0.023	0.008	0.005	0.004	0.005	0.021	0.000	0.010	0.011	0.003	0.007	0.002	0.010	0.014	0.006	0.069	0.050	0.107	0.003	0.036	0.004	0.007	0.010	0.000	0.002	0.002	0.001	0.012
C[C>T]C	0.019	0.004	0.014	0.018	0.010	0.004	0.001	0.009	0.004	0.002	0.006	0.018	0.009	0.007	0.000	0.007	0.009	0.017	0.064	0.055	0.182	0.006	0.003	0.005	0.004	0.000	0.000	0.003	0.002	0.000	0.014
C[C>T]G	0.096	0.005	0.008	0.013	0.090	0.008	0.000	0.016	0.013	0.008	0.016	0.044	0.032	0.012	0.002	0.008	0.004	0.029	0.017	0.007	0.022	0.009	0.003	0.004	0.000	0.019	0.003	0.010	0.002	0.007	0.017
C[C>T]T	0.017	0.009	0.020	0.020	0.009	0.019	0.001	0.010	0.010	0.004	0.005	0.014	0.004	0.006	0.003	0.010	0.016	0.019	0.034	0.057	0.126	0.021	0.000	0.004	0.001	0.009	0.002	0.004	0.003	0.004	0.023
G[C>T]A	0.025	0.006	0.009	0.020	0.065	0.002	0.003	0.048	0.002	0.002	0.003	0.057	0.016	0.010	0.001	0.006	0.016	0.056	0.049	0.000	0.001	0.000	0.000	0.002	0.006	0.015	0.003	0.007	0.002	0.002	0.014
G[C>T]C	0.027	0.002	0.008	0.018	0.077	0.002	0.003	0.134	0.000	0.001	0.004	0.054	0.039	0.020	0.001	0.007	0.008	0.062	0.049	0.012	0.026	0.000	0.000	0.003	0.002	0.001	0.014	0.033	0.004	0.001	0.007
G[C>T]G	0.104	0.000	0.002	0.013	0.134	0.012	0.003	0.183	0.008	0.008	0.012	0.005	0.002	0.023	0.002	0.009	0.001	0.098	0.016	0.000	0.000	0.000	0.000	0.004	0.012	0.056	0.014	0.050	0.002	0.012	0.027
G[C>T]T	0.018	0.003	0.008	0.020	0.052	0.006	0.002	0.080	0.001	0.001	0.002	0.050	0.017	0.017	0.002	0.010	0.011	0.056	0.019	0.016	0.005	0.001	0.042	0.003	0.005	0.001	0.017	0.037	0.004	0.003	0.013
T[C>T]A	0.014	0.420	0.004	0.011	0.007	0.007	0.114	0.011	0.016	0.017	0.015	0.011	0.006	0.011	0.002	0.005	0.009	0.009	0.085	0.238	0.007	0.017	0.000	0.006	0.000	0.020	0.003	0.007	0.004	0.000	0.000
T[C>T]C	0.018	0.082	0.007	0.021	0.007	0.004	0.015	0.016	0.017	0.002	0.010	0.008	0.009	0.011	0.002	0.008	0.014	0.028	0.090	0.331	0.211	0.014	0.006	0.007	0.004	0.006	0.010	0.026	0.010	0.003	0.021
T[C>T]G	0.076	0.048	0.001	0.008	0.039	0.006	0.006	0.010	0.016	0.010	0.012	0.023	0.013	0.010	0.002	0.005	0.002	0.009	0.015	0.074	0.057	0.000	0.002	0.003	0.005	0.003	0.063	0.170	0.030	0.005	0.001
T[C>T]T	0.014	0.229	0.008	0.012	0.005	0.012	0.028	0.008	0.020	0.013	0.005	0.010	0.006	0.007	0.003	0.010	0.010	0.023	0.046	0.107	0.102	0.002	0.050	0.007	0.031	0.036	0.033	0.052	0.018	0.012	0.054
A[T>A]A	0.004	0.000	0.005	0.009	0.001	0.013	0.001	0.002	0.001	0.004	0.003	0.001	0.008	0.004	0.001	0.012	0.008	0.000	0.008	0.002	0.002	0.012	0.000	0.002	0.004	0.026	0.001	0.001	0.001	0.054	0.002
A[T>A]C	0.002	0.000	0.004	0.007	0.003	0.012	0.001	0.009	0.002	0.003	0.001	0.002	0.029	0.013	0.000	0.004	0.007	0.001	0.004	0.001	0.000	0.003	0.001	0.002	0.001	0.009	0.001	0.001	0.001	0.010	0.006
A[T>A]G	0.003	0.001	0.010	0.012	0.000	0.014	0.000	0.001	0.001	0.003	0.005	0.000	0.003	0.001	0.002	0.007	0.007	0.000	0.007	0.001	0.002	0.000	0.004	0.001	0.008	0.010	0.000	0.000	0.000	0.002	0.016
A[T>A]T	0.008	0.000	0.003	0.011	0.005	0.024	0.001	0.008	0.002	0.012	0.003	0.007	0.004	0.004	0.001	0.018	0.009	0.001	0.009	0.004	0.008	0.051	0.041	0.003	0.004	0.028	0.006	0.002	0.005	0.070	0.001
C[T>A]A	0.001	0.000	0.008	0.005	0.000	0.012	0.000	0.002	0.000	0.002	0.000	0.000	0.000	0.004	0.001	0.006	0.008	0.000	0.005	0.000	0.001	0.003	0.002	0.001	0.000	0.004	0.000	0.000	0.000	0.005	0.005
C[T>A]C	0.002	0.000	0.011	0.006	0.003	0.018	0.000	0.004	0.010	0.014	0.002	0.004	0.004	0.004	0.001	0.005	0.013	0.003	0.007	0.000	0.001	0.013	0.000	0.002	0.000	0.010	0.000	0.000	0.001	0.001	0.015
C[T>A]G	0.001	0.000	0.034	0.011	0.001	0.016	0.000	0.003	0.004	0.007	0.006	0.001	0.002	0.002	0.003	0.005	0.012	0.000	0.008	0.000	0.001	0.001	0.001	0.002	0.016	0.005	0.000	0.000	0.000	0.000	0.009
C[T>A]T	0.002	0.001	0.012	0.010	0.001	0.026	0.000	0.001	0.031	0.053	0.003	0.002	0.001	0.002	0.001	0.007	0.016	0.002	0.000	0.000	0.000	0.049	0.001	0.002	0.005	0.003	0.001	0.000	0.001	0.003	0.010
G[T>A]A	0.001	0.000	0.007	0.007	0.000	0.008	0.000	0.000	0.000	0.001	0.002	0.000	0.000	0.002	0.000	0.003	0.004	0.000	0.004	0.000	0.001	0.002	0.000	0.001	0.002	0.001	0.000	0.000	0.000	0.007	0.003
G[T>A]C	0.001	0.000	0.005	0.004	0.003	0.008	0.000	0.004	0.003	0.004	0.002	0.004	0.014	0.005	0.001	0.003	0.006	0.002	0.003	0.000	0.000	0.002	0.000	0.001	0.000	0.005	0.000	0.001	0.000	0.002	0.003
G[T>A]G	0.001	0.000	0.013	0.007	0.001	0.009	0.000	0.003	0.004	0.002	0.002	0.001	0.003	0.001	0.001	0.003	0.008	0.000	0.005	0.000	0.001	0.000	0.001	0.001	0.012	0.007	0.000	0.000	0.000	0.000	0.018
G[T>A]T	0.002	0.000	0.004	0.005	0.002	0.018	0.000	0.004	0.004	0.014	0.004	0.002	0.004	0.003	0.001	0.004	0.009	0.001	0.006	0.000	0.000	0.020	0.009	0.002	0.005	0.004	0.001	0.001	0.001	0.007	0.005
T[T>A]A	0.006	0.000	0.004	0.009	0.000	0.015	0.000	0.001	0.001	0.001	0.005	0.001	0.003	0.001	0.000	0.021	0.007	0.000	0.008	0.000	0.003	0.015	0.017	0.002	0.004	0.047	0.002	0.000	0.002	0.091	0.001
T[T>A]C	0.002	0.000	0.005	0.007	0.001	0.012	0.001	0.002	0.003	0.004	0.003	0.001	0.004	0.005	0.000	0.003	0.009	0.002	0.006	0.000	0.002	0.034	0.001	0.001	0.000	0.004	0.001	0.001	0.001	0.007	0.004
T[T>A]G	0.001	0.000	0.008	0.007	0.000	0.008	0.000	0.001	0.000	0.002	0.002	0.000	0.000	0.000	0.001	0.014	0.007	0.000	0.004	0.000	0.002	0.012	0.006	0.001	0.009	0.003	0.001	0.000	0.001	0.001	0.008
T[T>A]T	0.004	0.000	0.004	0.010	0.001	0.028	0.000	0.000	0.004	0.020	0.003	0.002	0.001	0.001	0.001	0.014	0.015	0.001	0.000	0.001	0.000	0.279	0.027	0.002	0.002	0.042	0.009	0.001	0.006	0.095	0.001
A[T>C]A	0.014	0.001	0.008	0.035	0.008	0.016	0.001	0.012	0.003	0.003	0.003	0.016	0.026	0.055	0.001	0.025	0.013	0.003	0.000	0.000	0.001	0.000	0.004	0.003	0.004	0.076	0.002	0.016	0.020	0.084	0.000
A[T>C]C	0.006	0.000	0.002	0.014	0.006	0.008	0.000	0.007	0.008	0.005	0.002	0.019	0.016	0.028	0.000	0.010	0.009	0.005	0.009	0.000	0.000	0.001	0.004	0.002	0.000	0.003	0.002	0.011	0.008	0.011	0.019
A[T>C]G	0.010	0.001	0.008	0.028	0.022	0.010	0.000	0.007	0.004	0.002	0.003	0.055	0.022	0.052	0.002	0.018	0.012	0.004	0.009	0.000	0.002	0.001	0.009	0.002	0.004	0.008	0.002	0.004	0.011	0.003	0.024
A[T>C]T	0.009	0.001	0.004	0.027	0.002	0.022	0.000	0.006	0.003	0.009	0.005	0.007	0.019	0.039	0.001	0.025	0.017	0.002	0.000	0.001	0.002	0.003	0.051	0.003	0.014	0.012	0.004	0.005	0.017	0.058	0.000
C[T>C]A	0.004	0.001	0.005	0.014	0.006	0.005	0.000	0.003	0.007	0.009	0.000	0.015	0.022	0.038	0.001	0.015	0.008	0.001	0.000	0.000	0.002	0.008	0.010	0.002	0.004	0.002	0.001	0.002	0.003	0.005	0.007
C[T>C]C	0.005	0.000	0.003	0.012	0.004	0.011	0.000	0.005	0.040	0.048	0.003	0.018	0.010	0.022	0.003	0.012	0.014	0.005	0.000	0.000	0.001	0.004	0.000	0.002	0.005	0.001	0.001	0.004	0.003	0.000	0.019
C[T>C]G	0.007	0.000	0.010	0.019	0.027	0.006	0.000	0.013	0.029	0.029	0.003	0.074	0.021	0.047	0.002	0.015	0.008	0.002	0.000	0.000	0.001	0.002	0.001	0.003	0.001	0.002	0.002	0.002	0.005	0.000	0.023
C[T>C]T	0.007	0.001	0.005	0.019	0.003	0.011	0.000	0.004	0.102	0.193	0.001	0.011	0.020	0.021	0.001	0.028	0.012	0.003	0.000	0.002	0.006	0.043	0.040	0.004	0.001	0.013	0.001	0.002	0.006	0.009	0.026
G[T>C]A	0.011	0.000	0.006	0.016	0.012	0.006	0.001	0.020	0.000	0.002	0.001	0.002	0.143	0.098	0.001	0.009	0.007	0.008	0.000	0.000	0.000	0.000	0.001	0.002	0.003	0.002	0.000	0.034	0.018	0.002	0.008
G[T>C]C	0.007	0.000	0.002	0.010	0.006	0.005	0.001	0.050	0.010	0.011	0.002	0.002	0.066	0.040	0.001	0.010	0.006	0.013	0.007	0.000	0.000	0.000	0.002	0.002	0.003	0.003	0.003	0.035	0.010	0.000	0.010
G[T>C]G	0.005	0.000	0.004	0.014	0.012	0.005	0.001	0.015	0.005	0.008	0.006	0.027	0.088	0.045	0.001	0.009	0.006	0.008	0.008	0.000	0.001	0.000	0.003	0.002	0.006	0.011	0.000	0.014	0.010	0.000	0.028
G[T>C]T	0.011	0.001	0.002	0.016	0.004	0.008	0.001	0.009	0.008	0.021	0.005	0.001	0.100	0.056	0.001	0.013	0.008	0.009	0.008	0.001	0.007	0.007	0.318	0.003	0.013	0.000	0.008	0.030	0.027	0.016	0.000
T[T>C]A	0.008	0.000	0.003	0.017	0.006	0.005	0.001	0.007	0.002	0.006	0.000	0.006	0.039	0.029	0.001	0.016	0.009	0.002	0.000	0.002	0.006	0.030	0.081	0.002	0.005	0.004	0.002	0.012	0.015	0.031	0.000
T[T>C]C	0.005	0.000	0.002	0.014	0.004	0.006	0.000	0.010	0.011	0.012	0.006	0.011	0.031	0.037	0.001	0.014	0.011	0.006	0.009	0.001	0.002	0.021	0.014	0.002	0.001	0.017	0.002	0.014	0.015	0.019	0.032
T[T>C]G	0.008	0.000	0.004	0.013	0.011	0.002	0.000	0.004	0.006	0.005	0.002	0.024	0.025	0.019	0.001	0.010	0.006	0.003	0.006	0.000	0.004	0.013	0.023	0.002	0.004	0.003	0.003	0.007	0.011	0.001	0.018
T[T>C]T	0.006	0.001	0.002	0.017	0.003	0.010	0.000	0.005	0.007	0.028	0.001	0.005	0.027	0.023	0.001	0.031	0.011	0.003	0.000	0.001	0.003	0.088	0.043	0.003	0.001	0.052	0.006	0.010	0.029	0.109	0.004
A[T>G]A	0.002	0.000	0.000	0.003	0.000	0.004	0.000	0.000	0.000	0.001	0.000	0.000	0.000	0.000	0.000	0.034	0.002	0.000	0.005	0.000	0.000	0.012	0.004	0.001	0.000	0.015	0.001	0.001	0.009	0.005	0.010
A[T>G]C	0.002	0.000	0.000	0.002	0.002	0.001	0.000	0.001	0.006	0.002	0.001	0.000	0.003	0.000	0.001	0.005	0.001	0.002	0.002	0.000	0.001	0.001	0.003	0.001	0.001	0.003	0.003	0.003	0.008	0.001	0.006
A[T>G]G	0.001	0.000	0.002	0.005	0.001	0.007	0.000	0.001	0.003	0.002	0.002	0.001	0.002	0.001	0.001	0.005	0.009	0.001	0.006	0.000	0.001	0.001	0.011	0.002	0.145	0.000	0.002	0.001	0.004	0.000	0.015
A[T>G]T	0.003	0.000	0.000	0.004	0.003	0.003	0.000	0.003	0.031	0.039	0.000	0.001	0.002	0.002	0.000	0.019	0.007	0.006	0.010	0.000	0.001	0.000	0.014	0.003	0.002	0.004	0.030	0.012	0.058	0.003	0.009
C[T>G]A	0.000	0.000	0.000	0.002	0.000	0.002	0.000	0.000	0.000	0.000	0.000	0.000	0.000	0.000	0.000	0.022	0.002	0.000	0.005	0.000	0.000	0.003	0.001	0.001	0.002	0.003	0.001	0.004	0.009	0.001	0.002
C[T>G]C	0.002	0.000	0.001	0.003	0.004	0.002	0.000	0.002	0.020	0.002	0.002	0.008	0.000	0.004	0.000	0.006	0.006	0.002	0.006	0.000	0.001	0.006	0.000	0.001	0.000	0.003	0.000	0.002	0.003	0.000	0.003
C[T>G]G	0.002	0.000	0.005	0.007	0.005	0.007	0.000	0.001	0.013	0.001	0.005	0.015	0.000	0.005	0.001	0.013	0.010	0.000	0.007	0.000	0.001	0.001	0.000	0.002	0.113	0.001	0.000	0.003	0.006	0.000	0.006
C[T>G]T	0.003	0.000	0.001	0.011	0.009	0.005	0.000	0.004	0.261	0.128	0.002	0.002	0.003	0.007	0.001	0.051	0.009	0.006	0.009	0.000	0.000	0.003	0.000	0.007	0.001	0.000	0.005	0.020	0.042	0.006	0.000
G[T>G]A	0.000	0.000	0.000	0.002	0.000	0.001	0.000	0.000	0.000	0.000	0.001	0.000	0.000	0.000	0.000	0.007	0.004	0.000	0.003	0.000	0.000	0.002	0.000	0.001	0.006	0.000	0.000	0.003	0.003	0.000	0.007
G[T>G]C	0.000	0.000	0.000	0.000	0.002	0.001	0.000	0.002	0.009	0.001	0.000	0.003	0.001	0.002	0.001	0.001	0.005	0.002	0.002	0.000	0.000	0.002	0.000	0.001	0.003	0.001	0.001	0.004	0.003	0.001	0.005
G[T>G]G	0.001	0.000	0.002	0.006	0.001	0.006	0.000	0.004	0.005	0.001	0.010	0.003	0.000	0.001	0.000	0.005	0.016	0.001	0.003	0.000	0.002	0.006	0.004	0.002	0.299	0.001	0.001	0.002	0.002	0.001	0.030
G[T>G]T	0.001	0.000	0.000	0.003	0.004	0.005	0.000	0.019	0.063	0.048	0.003	0.004	0.001	0.008	0.000	0.018	0.007	0.004	0.006	0.001	0.002	0.007	0.007	0.003	0.001	0.004	0.004	0.008	0.009	0.006	0.009
T[T>G]A	0.001	0.000	0.000	0.005	0.001	0.002	0.001	0.000	0.000	0.000	0.000	0.000	0.000	0.000	0.000	0.050	0.005	0.000	0.009	0.000	0.001	0.019	0.000	0.001	0.006	0.006	0.012	0.004	0.025	0.014	0.004
T[T>G]C	0.001	0.000	0.000	0.005	0.002	0.003	0.000	0.000	0.010	0.002	0.003	0.000	0.002	0.003	0.000	0.008	0.006	0.002	0.004	0.000	0.002	0.017	0.000	0.001	0.006	0.002	0.003	0.012	0.016	0.004	0.007
T[T>G]G	0.002	0.000	0.003	0.006	0.001	0.006	0.000	0.001	0.005	0.003	0.001	0.001	0.000	0.001	0.001	0.009	0.011	0.000	0.008	0.000	0.001	0.008	0.000	0.002	0.080	0.006	0.002	0.002	0.006	0.006	0.018
T[T>G]T	0.004	0.000	0.001	0.013	0.007	0.007	0.001	0.003	0.058	0.062	0.002	0.001	0.000	0.003	0.001	0.054	0.013	0.002	0.000	0.000	0.002	0.022	0.000	0.005	0.041	0.040	0.116	0.084	0.232	0.093	0.008
