cancer	kras_allele	lower_ci	upper_ci	expected_allele_frequency	expected_allele_frequency_lower25	expected_allele_frequency_lower75	observed_allele_frequency
COAD	A146T	0.18233002446304702	0.1971191063625084	0.1898970661648238	0.09143697218034658	0.27191888077796267	0.06697578567748583
COAD	G12A	0.04411817058777573	0.05272773962332975	0.04808411995595413	0	0.07004913385487489	0.04739824832560536
COAD	G12C	0.08366257508173382	0.09511177685104988	0.08944787531144809	0	0.12317423593543468	0.0633693972179289
COAD	G12D	0.16956722977063166	0.18522259175094596	0.17756710706885367	0.08586206918186341	0.2464157358935977	0.30345182895414735
COAD	G12S	0.11202588237207534	0.12435587104051002	0.11803481902900265	0.02141578585723451	0.17524218113866588	0.0422462648119526
COAD	G12V	0.10091133701890975	0.1141417678216046	0.10732100746967564	0	0.17349160232627828	0.211231324059763
COAD	G13D	0.2606522421810507	0.27907738795811843	0.269648005000242	0.13930728893641295	0.4109982616490554	0.18495620814013394
LUAD	G12A	0.06778485474797714	0.08390280178556654	0.07522494573173169	0	0.09105929900333834	0.08638443935926773
LUAD	G12C	0.25374905131591957	0.26747244007503485	0.26067643937592166	0.2046314731377489	0.3303980823822152	0.41304347826086957
LUAD	G12D	0.1371105102033168	0.16016789609475884	0.14845073103097625	0.04639916904755713	0.19623355247484578	0.14931350114416475
LUAD	G12V	0.24448811236822654	0.26561870828504414	0.25497144448544873	0.17865310390151257	0.3148897894933751	0.2036613272311213
LUAD	G13C	0.25374905131591957	0.26747244007503485	0.26067643937592166	0.2046314731377489	0.3303980823822152	0.03832951945080092
MM	G12A	0.08520405873130722	0.09859287527767457	0.09179800594260931	0	0.13603281455707011	0.06367041198501873
MM	G12D	0.1835236030893863	0.199988434111876	0.19153483205194857	0.09075188377487423	0.27173421370341616	0.1198501872659176
MM	G12R	0.04093158209193911	0.05027237005010358	0.0454458646461492	0	0.06528755689044642	0.052434456928838954
MM	G12V	0.11890137100895254	0.13501391649041752	0.12680006319855588	0	0.1866208245113278	0.08239700374531835
MM	G13D	0.2141009527377175	0.2315814722816241	0.22239270030164998	0.1295736587491176	0.2945727779059398	0.12734082397003746
MM	Q61H	0.16796719807258584	0.1837206056831318	0.1757140060939355	0.07732703285891103	0.24500455871173218	0.32209737827715357
MM	Q61L	0.04647244807950361	0.05560026657653568	0.05086855537027268	0	0.08333865701501224	0.0449438202247191
MM	Q61R	0.0888152496474637	0.10257803601353149	0.09544597239487887	0	0.14842897935929483	0.056179775280898875
PAAD	G12C	0.14834346959599554	0.17250494581813203	0.16015126218618184	0	0.20911557441293	0.013643254168772108
PAAD	G12D	0.2505754085362726	0.2821285421759479	0.2665604236674204	0	0.36324265044672943	0.41030823648307224
PAAD	G12R	0.04557373795869612	0.0608380590010827	0.05279520980454112	0	0.04942303622472755	0.16725618999494693
PAAD	G12V	0.26887101509804723	0.29991529772834474	0.28466427500679325	0	0.375634844087738	0.3314805457301668
PAAD	Q61H	0.22105747923698119	0.2517691673356743	0.2358288293350634	0	0.32218206923712245	0.048004042445679636
