cancer	kras_allele	lower_ci	upper_ci	expected_allele_frequency	expected_allele_frequency_lower25	expected_allele_frequency_lower75	observed_allele_frequency
COAD	A146T	0.11766239838748711	0.1277903006818744	0.12270430309113937	0.054397092261196656	0.17525111753329975	0.06697578567748583
COAD	A146V	0.0967501044407088	0.10626206570198043	0.1014278055558342	0.020578271309799064	0.15516185469308358	0.013910355486862442
COAD	G12A	0.02775753290440733	0.033203206271641215	0.030385972638110423	0	0.04339185253076572	0.04739824832560536
COAD	G12C	0.04835788330112439	0.0539217812576472	0.05107949470511646	0	0.07340960554503198	0.0633693972179289
COAD	G12D	0.11088670945591861	0.1224919371232618	0.11643022579614622	0.0490112946098408	0.1587696497929968	0.30345182895414735
COAD	G12R	0.014316361918184355	0.01821117727268299	0.016179896183638447	0	0.021318337895789748	0.010303967027305513
COAD	G12S	0.06932350371796848	0.07787276181056736	0.07342308087721797	0.011406678332691388	0.10716748984628195	0.0422462648119526
COAD	G12V	0.06372626893769848	0.07236184702689527	0.06773404282557614	0	0.10672684856908743	0.211231324059763
COAD	G13C	0.04835788330112439	0.0539217812576472	0.05107949470511646	0	0.07340960554503198	0.008758371973209686
COAD	G13D	0.1692132449621151	0.183035481646566	0.17619835175448717	0.08380848027970338	0.26860358791831673	0.18495620814013394
COAD	Q61H	0.07279824581870492	0.08226448174036385	0.07768289911586236	0	0.10938610027502016	0.017001545595054096
COAD	Q61K	0.0602030078860928	0.06828337238792595	0.06420589048130987	0	0.10100907074371485	0.01184956208140134
COAD	Q61L	0.011297951972624091	0.014749992556792386	0.012988818165512053	0	0.004732279013817248	0.009788768675940238
COAD	Q61R	0.035507448279600756	0.04170682543116935	0.038479724104932875	0	0.06707521682454806	0.008758371973209686
LUAD	A146T	0.057222696707089786	0.06501660409165935	0.061217883152773836	0.02605239438213846	0.08586329642560428	0.002288329519450801
LUAD	A146V	0.06712656998236845	0.07537754755113876	0.07129404470218541	0.03248085501391874	0.10345611133529735	5.720823798627002e-4
LUAD	G12A	0.0280847165237962	0.03367924963868882	0.03091861433326149	0	0.042181838702026325	0.08638443935926773
LUAD	G12C	0.12461623752550219	0.13366756490268242	0.1288769674638117	0.07034544218967032	0.1824363333873371	0.41304347826086957
LUAD	G12D	0.056640183393587056	0.06433563846480923	0.06033789562319657	0.02370721669613047	0.08124427750219398	0.14931350114416475
LUAD	G12R	0.024460064681980354	0.028075461455257147	0.02634187356866957	0.005610895634073449	0.036456757126009015	0.010869565217391304
LUAD	G12S	0.07903053454263642	0.08693875726154285	0.08279729527441261	0.05463581128415879	0.10161630219180949	0.018306636155606407
LUAD	G12V	0.11406027978277168	0.12347259096205071	0.11892845763459114	0.07990599196833195	0.1536553252497217	0.2036613272311213
LUAD	G13C	0.12461623752550219	0.13366756490268242	0.1288769674638117	0.07034544218967032	0.1824363333873371	0.03832951945080092
LUAD	G13D	0.07487081700676888	0.0852425256605875	0.07985193672607174	0.034809033597474864	0.10306856626400894	0.02574370709382151
LUAD	Q61H	0.04998901260007637	0.057733974418043045	0.05372709644671501	0.024484418850110885	0.06703690765157438	0.03489702517162471
LUAD	Q61K	0.10034346490000708	0.10894712861750795	0.10433106228270893	0.07079963937725349	0.13155101796269317	0.0017162471395881006
LUAD	Q61L	0.02477319933132993	0.028739533063418695	0.026652182876902228	0	0.03809554751220404	0.013157894736842105
LUAD	Q61R	0.023363914266031807	0.028090271445299374	0.025847722450888073	0	0.034786576677380096	0.0017162471395881006
MM	A146T	0.13222514769363566	0.14203965543150018	0.13698526666809838	0.07809315100026192	0.18650371805147703	0.02247191011235955
MM	A146V	0.10677423447225658	0.11574854243607194	0.11121946723360708	0.05691718300177417	0.14879732027754905	0.0299625468164794
MM	G12A	0.04446822455001839	0.05057877250900646	0.047447400104593966	0	0.07045369477740186	0.06367041198501873
MM	G12C	0.03418755251273617	0.03897663459817208	0.03643122713745742	0	0.05847177136019387	0.0299625468164794
MM	G12D	0.09563119063720689	0.10496568213546582	0.10028673112553521	0.045063983637596915	0.14365026647465884	0.1198501872659176
MM	G12R	0.020945788521971372	0.025599792567349133	0.02317840396108646	0	0.03299177537774377	0.052434456928838954
MM	G12S	0.0894585527296079	0.09801164383856041	0.09356225796361885	0.04731153707929002	0.12222038033757014	0.033707865168539325
MM	G12V	0.0631310757660855	0.07138889659908726	0.06712900567591748	0	0.096997275353435	0.08239700374531835
MM	G13C	0.03418755251273617	0.03897663459817208	0.03643122713745742	0	0.05847177136019387	0.00749063670411985
MM	G13D	0.1101902682703059	0.11956146603137814	0.11490209787762289	0.06356746143413675	0.15587558142724145	0.12734082397003746
MM	Q61H	0.08653942780286203	0.09562411770918809	0.09095696000012769	0.03711686168642321	0.12832210522812698	0.32209737827715357
MM	Q61K	0.05973284699040463	0.06880975001625848	0.06404538849868821	0	0.08591362703895776	0.00749063670411985
MM	Q61L	0.024709816088213488	0.029609154206862213	0.027062978183228593	0	0.04296655261265979	0.0449438202247191
MM	Q61R	0.04684209316793694	0.05372552351873136	0.05036158843296035	0	0.07791233764858738	0.056179775280898875
PAAD	A146T	0.09357064418790972	0.10631968188999696	0.09985692357050772	0	0.1288559433690355	5.053057099545225e-4
PAAD	A146V	0.09712463255887775	0.11152013349499106	0.10411304523022638	0	0.1329904456398781	0
PAAD	G12A	0.02527117541496495	0.03221849669093888	0.028742305840467896	0	0.030456928386631464	0.00404244567963618
PAAD	G12C	0.04776962162594977	0.05462677756681123	0.05118100882761772	0	0.07702200432652503	0.013643254168772108
PAAD	G12D	0.09527497338779958	0.11041232702190466	0.1030294421044926	0	0.13638388419904424	0.41030823648307224
PAAD	G12R	0.015819531284245507	0.02066081708121662	0.01808874612211418	0	0.01767356633761072	0.16725618999494693
PAAD	G12S	0.08602344138834467	0.0974683057698122	0.09148670292578288	0	0.11837036941333062	0.001010611419909045
PAAD	G12V	0.10051611116922218	0.11445760671060412	0.1068341421439428	0	0.13858461509598977	0.3314805457301668
PAAD	G13C	0.04776962162594977	0.05462677756681123	0.05118100882761772	0	0.07702200432652503	0.001010611419909045
PAAD	G13D	0.10511062185374052	0.11944746646375545	0.11192568150675014	0	0.1424751354503377	0.00404244567963618
PAAD	Q61H	0.08410941984487187	0.09738349869347217	0.09048210686457085	0	0.1228851212612672	0.048004042445679636
PAAD	Q61K	0.08378613191993009	0.09629876288951136	0.09005395911858319	0	0.12299616477891068	0.0025265285497726125
PAAD	Q61L	0.014324447547435814	0.02091336457392362	0.017422802841284453	0	0.0186162672151531	0.0035371399696816574
PAAD	Q61R	0.03144375942611402	0.04047838664414957	0.03560212407604147	0	0.037193455277487804	0.012632642748863061
