cancer	hugo_symbol	gene_cls	g12v_ach_000022	g12d_ach_000042	g12d_ach_000060	g12v_ach_000108	g12r_ach_000118	g12v_ach_000138	g12d_ach_000222	g12d_ach_000235	g12v_ach_000243	g12d_ach_000265	g12v_ach_000266	g12r_ach_000281	g12d_ach_000307	g12r_ach_000320	g12v_ach_000332	g12d_ach_000468	g12r_ach_000502	g12d_ach_000517	g12d_ach_000652	g12v_ach_001353
PAAD	AMFR	1	-0.374473858425	-0.23519503165	-0.214476240247	-0.328026095987	-0.692278724214	-0.327650352181	-0.0603539200077	-0.196964704959	-0.296631134048	-0.187296049528	-0.307637792981	-0.330704017752	-0.257706841162	-0.331874202693	-0.307138036918	-0.220869233201	-0.315279001827	-0.203255746976	0.203391241981	-0.283639272172
PAAD	CLBA1	1	-0.0502955821725	-0.0348901087223	0.0947429546562	-0.164619192874	0.0720413951538	-0.113036295025	0.0132488303613	-0.0383390631177	-0.0472259589969	0.0680159630706	-0.101340637178	-0.159533435175	0.139700556967	-0.286411066546	-0.164854170568	0.0692021757389	-0.0462724048649	-0.042341845654	0.0194419769135	-0.0456961479222
PAAD	FMR1	1	0.181936873683	0.0907331417698	0.194979384373	0.268722234822	NA	0.225043137376	0.155668109888	0.165431397146	0.179158085678	0.113925359545	0.162463492953	-0.107994302236	0.44318433367	-0.0967143101872	0.0503391811089	0.0756938071374	0.0530188827851	0.136131426831	0.296126530723	0.228061486861
PAAD	GOLGA5	1	-0.0756989774574	-0.0678600316528	-0.0924326639569	-0.0890843447059	-0.0447315168676	-0.217499500986	-0.112893527629	0.0128330666846	-0.103177853656	0.00205735644025	-3.28322414375e-4	-0.254816015904	0.170305748033	-0.299879772709	-0.0865800193235	8.59544420171e-5	-0.17339618755	-0.00425887947195	0.22405813701	-0.0647472150927
PAAD	GPT2	1	-0.0821113232744	-0.0594295229847	-0.188709249636	-0.0660863028724	-0.234576621295	-0.0838513758574	-0.168535888776	-0.145495933105	-0.135177215928	0.025553444613	-0.196135951666	-0.336608228036	0.00104925782292	-0.374440324422	-0.0905718810881	-0.316628980867	-0.269118150209	-0.146994086845	-0.188709545965	-0.204593258506
PAAD	GRPR	1	0.0411824616413	-0.0310343813639	-0.00268842190477	-0.0722646724851	NA	0.042048332376	0.0660070182546	-0.103088533451	-0.0315359729089	0.0204962520613	-0.0971031912197	-0.22895550843	-0.00470594035927	-0.149755454263	-0.142486263188	-0.0471739110933	-0.141159127703	0.00511811261639	-0.0485501716881	-0.0963789248649
PAAD	LARP4	1	-0.413359609185	-0.187021635122	0.0397306879448	-0.412605620915	-0.388392067032	-0.595155566531	-0.202573350146	-0.492379885323	-0.435685708094	-0.514848793043	-0.297580833742	-0.7772880317	-0.283224180755	-0.620709851385	-0.393085591323	-0.318154758763	-0.614606948094	-0.380657445552	-0.274517032547	-0.402321628028
PAAD	NUMB	1	-0.101496317556	-0.12051487658	-0.19796528844	-0.391085246675	-0.482518112487	-0.257825546779	0.196102000633	-0.030613645719	-0.0601443744711	-0.165859523168	-0.231869855927	-0.302099024299	-0.312452113582	-0.445642565771	-0.303850153648	-0.171154415453	-0.260416465595	-0.0880863329479	0.00896976764892	-0.241334348018
PAAD	PARVB	1	0.038316837152	0.156793651252	0.134569524063	0.150426227748	0.0433224202612	0.181469649242	0.192480342493	0.0788952646316	0.0902982481151	0.177948113405	0.0146785717097	-0.0340862792621	0.120843123274	0.0109778326427	0.186537260488	0.218391907881	0.0742870606886	0.134287614713	0.163505498178	0.112014093303
PAAD	STXBP2	1	-0.0624332314196	-0.0140604013165	0.0403402128419	5.08652828859e-6	-0.163981577934	-0.142012550879	0.0339605000726	-0.137937681659	-0.145709929944	-0.0303068501439	-0.0597719782329	-0.178081785218	-0.0357812826956	-0.221444868207	-0.0287835217213	0.0373627458652	-0.113248771834	-0.0891052133234	-0.122731059965	-0.0570606974421
PAAD	THADA	1	0.139803836569	0.198352203303	0.14387971039	0.19096310321	0.152827927322	0.0766528072101	0.273021852556	0.173546356368	0.0631391232781	0.187042145728	0.0786107586217	-0.0114946516404	0.235076675698	0.036470866079	0.119137469004	0.228229707991	0.0960949961108	0.176066103414	0.13517461839	0.260864376914
PAAD	TMEM68	1	0.1320883621	0.102554938397	0.148704098818	0.0378618589545	0.0302171740604	0.102350499777	0.153806645	0.0282131118285	0.0999953827959	0.0727085745478	0.14103718562	-0.0254368145662	0.256645322413	-0.0418641134011	0.0768465504509	0.0902386581811	0.0533262418779	0.26956527158	0.185051747693	0.132482498513
PAAD	TTC7B	1	0.00423345160337	-0.0354225395052	-0.0358357532497	-0.00346781322227	-0.141184125474	-0.113252512649	-0.134679072018	-0.0272739596039	-0.101287326918	-3.4598547121e-4	-0.104033057918	-0.108673511665	0.0539362675927	-0.189758738286	-0.122604228633	0.0889396885803	-0.123043942079	-0.0662011908655	-0.00468838158566	-0.17948814986
PAAD	TUT7	1	-0.0796214250245	0.0866760792361	0.201723908491	-0.0317263259427	-0.0922469168405	0.116566946639	0.224486389592	0.0380696820521	0.091455559727	0.124398406144	-0.0273319329998	-0.00414205255721	0.223437599727	-0.0915764526488	-0.0292361259322	0.0267595832284	-0.0305634097024	0.155218171967	0.158388745539	0.0985121858198
PAAD	ATE1	2	-0.128730601002	0.00833233226503	0.182259972252	-0.115280873528	-0.513382205767	0.0419825566412	-0.0449458327609	-0.0147966849367	-0.079259486922	0.0979439791108	-0.0463341849616	-0.239319699581	-0.00266430433868	-0.194029636997	-0.0413254885807	0.051003519268	-0.101836921855	-0.0376402938464	0.22991684641	0.109815097053
PAAD	CLN6	2	-0.00780864486671	-0.00745547394455	-0.0974086043063	-0.0106783024819	-0.0119742430141	0.00471358951313	-0.0698421799219	-0.0116806229679	-0.0022894892912	-0.0793961356085	-0.101883525387	-0.255938544712	-0.0304482557558	-0.161615740566	0.0401377611926	-0.0568379403787	-0.114856285895	-0.0653816040494	0.0260058139155	0.0126228591307
PAAD	CNPY3	2	0.0229408835511	-0.0623865294374	0.0492072210802	0.0461808300354	0.0347909782142	0.0451937814168	-0.0562980606104	0.0908048481185	0.0307291642181	-0.0455389633639	0.106055110459	-0.30748515294	0.00901437048813	-0.373522822061	-0.0117241989495	0.129657002207	-0.0647376578302	0.00799604422915	0.146286607045	0.0642455029995
PAAD	COX15	2	-0.610365277567	-0.566283677706	-0.591561930888	-0.495668605892	-0.851072204671	-0.697244979849	-0.660627654174	-0.554502545255	-0.551983104607	-0.752324438933	-0.536735855571	-1.04707797744	-0.658579604313	-0.975283924479	-0.473369491301	-0.509559844959	-0.450962520658	-0.509051635135	-0.587550216041	-0.425935683217
PAAD	FRA10AC1	2	0.0560758394386	-0.115026278378	0.00774304982264	-0.141162619497	-0.443372472465	0.00766300710878	-0.0737781310462	-0.060233661673	0.0638322006363	-0.132196349557	-0.00293963813155	-0.52719405042	0.062903451821	-0.165915142086	-0.0726107096172	-0.130814991679	-0.181756902325	0.0101997195342	0.0367547381524	0.194826552886
PAAD	GNPDA2	2	0.0209774524264	-0.209325018987	-0.254158054326	-0.309823299144	-0.291801781469	-0.222946301913	-0.237075073303	-0.119748863598	-0.255703717231	-0.0950773091537	-0.116052007142	-0.232061085764	0.0215277966367	-0.716639219347	-0.137639286234	-0.130542924379	-0.363612694345	-0.115628860535	-0.0361086674309	-0.149106014054
PAAD	GPC3	2	0.116391507538	0.00639716401809	-3.29222222589e-4	0.127835575525	NA	0.144426434173	-0.26084648356	0.0272394912703	0.0376472665416	0.059954824453	0.0533167398812	-0.125059183037	0.0304609794908	-0.1037544219	0.09822502441	0.0846344484693	-0.0685883283228	0.0623582955846	-0.0945952851725	0.0455583234645
PAAD	HPS5	2	0.0311839463302	-0.0413225166711	0.0189770651588	-0.0498258715596	-0.19993265305	-0.213371498041	-0.239809373783	-0.0633322159783	-0.148198878789	-0.0845655855969	-0.0655100256162	-0.350905534539	-0.082119514075300007	-0.326744514026	-0.109095473167	-0.0214226264973	-0.181308516119	0.00288516915877	-0.0246603824964	-0.0708656467743
PAAD	ITFG2	2	0.110787154992	0.0346308898415	0.0395151874156	0.0333417428515	-0.0770838150692	0.248550052858	-0.0138524831008	0.0748991496726	0.11785275325	0.20376642302	0.0848163665737	-0.228830733271	-0.0348414231665	-0.0572353118696	0.103136227818	-0.107923313568	0.0624178895931	0.0328706123009	0.0991774556671	0.121631336835
PAAD	MCFD2	2	-0.0819956940905	-0.112506462571	-0.111321063317	-0.0575202655961	-0.235259586825	-0.0997878419688	-0.210866990158	-0.00570458263495	-0.288161048896	-0.154172493205	-0.188412169152	-0.234296040118	-0.119860217222	-0.406562276498	-0.113174625475	-0.174404844446	-0.252205382605	-0.0256756772986	-0.0847466964106	-0.106720050046
PAAD	PEX11B	2	-0.177393343454	-0.354024544552	-0.237796945412	-0.328066166338	-0.599284862593	-0.248284905122	-0.393305985865	-0.318328454498	-0.277000017953	-0.393635747439	-0.301958794313	-0.604779780004	-0.349099084848	-0.582494225263	-0.397183092403	-0.347780747443	-0.253993846806	-0.415968553592	-0.280813527019	-0.158300378053
PAAD	RPS3	2	-1.07893070341	-1.30633128781	-1.40903096608	-1.35709381006	-1.50793958631	-1.42062936533	-1.21075567125	-1.42238275242	-1.18746115815	-1.34093729863	-1.21158104386	-1.60766933527	-1.33094319448	-1.44647980283	-1.0865227245	-1.23372647338	-1.33122097374	-1.31801383369	-1.08978249691	-1.15612114962
PAAD	S100A9	2	-0.155280576007	0.0672468287923	0.0271637557913	-0.111818710928	-0.214208839929	-0.0391786899536	-0.0600134322617	-0.133453215319	-0.113315679805	0.00267095632094	-0.0136095430357	-0.104204160456	-0.0203418968255	-0.175658293524	-0.0638248617737	-0.0653829157714	-0.097814556833	-0.0423551747171	-0.0175798676166	-0.0232949602455
PAAD	SAMD8	2	-0.181229288801	-0.212209936989	-0.252489259571	-0.259205001077	-0.345871362415	-0.0801773417882	-0.177019960406	-0.241377074675	-0.33462250504	-0.258952331004	-0.202586431637	-0.362548808384	-0.254794755719	-0.617660213616	-0.228957127335	-0.283862563232	-0.26484183891	-0.223552395923	-0.153573953507	-0.221978955397
PAAD	SMCHD1	2	-0.04369862775	-0.116558934134	0.0259216195005	-0.179692035891	-0.554445378541	-0.152511066785	-0.189971638946	-0.0455078909648	-0.218124933722	0.154046334344	-0.0894526991822	-0.244780758469	-0.00739393646573	-0.189256120696	-0.125044452033	-0.218484968053	-0.239718206338	-0.163477019787	0.074264157008	-0.0641085253092
PAAD	TBL1X	2	0.0838070284119	-0.0494360954886	0.131380535455	0.151054242728	NA	0.0722938697755	0.254856902326	0.121952233637	0.179402821539	0.149106381205	0.153395907466	-0.247027623953	0.159333808331	-0.247357316798	0.156265922727	0.0718219424504	0.0124209035863	0.163766963504	0.12836795818	0.0795396145705
PAAD	TMED6	2	0.0722059953945	-0.121849935143	-0.0301448940531	0.0445333217998	-0.130749269435	0.0149286085404	-0.227162481039	-0.104090960444	-0.0526283529914	-0.0255927485905	0.0264532912126	-0.373017352664	9.29905130577e-4	-0.297552263801	-0.0172230666995	-0.0933210154692	-0.105161416323	-0.071511002478	-0.0808205724795	-0.0873606640976
PAAD	TPPP3	2	0.0431854097716	-0.0131433209518	-0.0369391373132	-0.146944223411	-0.129566676756	-0.0850011964492	-0.0544750530618	-0.140173008396	-0.140201419262	-0.0129805853796	-0.0356896593833	-0.431053593964	-0.012903570458	-0.199346265397	-0.0593881868196	-0.118427071454	-0.278057822841	-0.0796232455726	-0.0131478954973	-0.0923594256461
PAAD	TUBA1C	2	-0.66708957124	-0.861171039501	-0.98085232741	-0.578581035307	-1.05117732621	-0.57170956017	-0.403292186654	-0.620493549436	-0.840086839369	-0.905253228576	-0.827668414516	-1.38379948425	-0.582834296848	-0.999968358483	-0.557927973627	-0.78496531524	-0.828491486546	-0.999170121338	-0.589170537119	-0.531081816051
PAAD	UBL4A	2	0.196745891602	0.0624272364677	0.214748134557	0.00253629635238	NA	0.194610602222	0.0980875096406	0.140191704168	0.155123838678	0.138018720796	0.0996890680412	-0.222151308973	0.0848065592573	-0.0294042761403	0.115460449902	0.265860861681	0.0148474128636	0.192309356463	0.0677802274356	0.154331116036
PAAD	ZSCAN31	2	0.0404374959247	0.0763112226357	-0.0916119027671	-0.0885300974525	-0.142392076993	-0.114184968753	-0.00336494051218	0.0250161141734	-0.0415931444893	0.053531911204	-0.0402268365781	-0.301021270424	-0.0767788167022	-0.190913764655	-0.0300321292395	0.0376031661927	-0.0780387387529	-0.0438626262689	0.0988513198667	-0.0416503050116
PAAD	CCT8	3	-0.840910224687	-0.897868955827	-1.22856980172	-0.830820920965	-0.755180127817	-0.807470083485	-0.937843339402	-0.920786173178	-0.84539877305	-0.96718272421	-0.870238434353	-0.811491132868	-0.772010451385	-0.809152897554	-0.862768698845	-0.956425889765	-0.805856497249	-1.07660300032	-0.916285930027	-0.826705180559
PAAD	FKBP1A	3	-0.0755220674881	-0.066949952815	-0.200689646767	0.0190799087188	0.0635070218469	0.112460989075	-0.520904557713	-0.0791877019866	0.0179127807105	-0.0222950586942	0.0147068967381	0.126136013821	-0.0679050604252	0.114655566346	-0.0014025283798	-0.113136625709	0.0812515830711	-0.0762871675911	-0.0759352122426	-0.0502236120821
PAAD	GAD2	3	0.21137432644	0.271520984916	0.244739441305	0.368075679101	0.322541458063	0.295393149201	0.159746985591	0.171491891891	0.231246751043	0.161589182946	0.227116483061	0.303904589853	0.0951203448672	0.323018913279	0.254150929147	0.202365926483	0.295100529796	0.261061809878	0.258714764329	0.275581766249
PAAD	HSPE1	3	-2.37234230866	-2.15200842838	-2.07844373215	-1.79668570789	-1.9124362736	-2.0890344292	-2.18274307678	-2.08970492126	-1.84015929659	-2.19330739895	-1.987742546	-1.79352036269	-2.36494475306	-1.93845270946	-2.1027566773	-2.33792024687	-1.81572620304	-2.14785384634	-2.08208832831	-2.11478886496
PAAD	KLHL22	3	0.0359658959957	-0.444066970527	-0.219124101482	-0.047360800253	-0.093818104675	0.0633161998798	-0.357006469907	-0.061923266031	-0.196307555121	-0.308302602321	-0.0899608553765	0.0528420990968	-0.154479254043	-0.113935561419	-0.136030487263	-0.115043373877	-0.114272468868	-0.321743911909	-0.145058624021	0.00802109037606
PAAD	RPL4	3	-1.85961471146	-1.81831899308	-1.94859157955	-1.57272402899	-1.74422982178	-1.90407754149	-2.03231281129	-1.96764705036	-1.86706096509	-1.77032909899	-1.78940255129	-1.37263471165	-1.78499396593	-1.49161939906	-1.8358517969100001	-2.27396672523	-1.67887762379	-1.94204814278	-1.87121995251	-1.59255604967
PAAD	AKR7L	4	-0.118299917079	-0.164089431218	-0.230646392406	-0.272276617087	-0.0297203606371	-0.0650756793725	-0.161464871666	-0.206742545211	-0.130425273346	-0.228289745091	-0.0834449907848	-0.0871365281993	-0.0954718487004	-0.167734228209	-0.0775230275999	-0.236349812186	-0.00611146771878	-0.234702631478	-0.254942641741	-0.123722772968
PAAD	AP1B1	4	0.0512788818388	-0.0502748714474	-0.0841548479663	0.163024646253	-0.199355810011	0.073309561462	-0.0875719413898	-0.0275016674686	-0.0273899263342	-0.0197406425338	0.136890626804	-0.0257744717706	-0.172516293104	-0.0413121219995	0.16068989082	-0.0938701211288	-0.152776165363	-0.0882150356632	0.0221581366497	0.00417439330097
PAAD	CWF19L2	4	-0.758795491829	-0.887213240998	-0.697748433233	-0.891744781788	-1.08524453448	-0.691325292399	-0.699240362116	-0.585490638599	-0.691957723561	-0.822548887702	-0.63513723336	-0.972258383474	-0.749441372464	-0.877953705528	-0.659872443312	-0.564730204598	-1.02098826072	-0.889266014543	-0.916019460265	-0.684820977368
PAAD	GNA13	4	0.505065146613	0.044388330362	0.0399698710687	0.143186708513	-0.123397311657	0.0967506531045	-0.418453086991	-0.292256803211	0.293742870962	-0.168790454538	0.128316247892	0.0655200076305	-0.153846064121	-0.16929567432	0.0480920162685	-0.0814139308127	-0.0149525525993	-0.290878845875	-0.143394466713	-0.0010205622707
PAAD	JUN	4	0.168329473483	-0.172172057117	-0.407379176891	-0.0536729881268	-0.162283577417	0.0822234978752	0.0280150533423	-0.245778551157	0.0605285005071	-0.590228877647	-0.18679290816	-0.338294780546	-0.214986843187	-0.379392931523	0.304841310689	-0.239314047525	-0.246961390922	-0.455563507432	-0.385905297666	-0.0825138454929
PAAD	LUC7L2	4	-0.0943888676296	-0.379773120088	-0.662568297524	-0.205932197238	-0.676939284765	-0.330638695295	-0.29344878129	-0.47017520861	-0.521575686841	-0.336309491482	-0.429678942061	-0.59230843357	-0.352867985328	-0.845601253627	-0.38891710426	-0.610403649892	-0.59095600957	-0.639958116594	-0.604450003124	0.281805516653
PAAD	MAPK8	4	0.404005006219	0.179942014135	0.233988814563	0.321196368937	0.256986472665	0.435019971909	0.370231334727	0.276221843008	0.306795581383	0.228118706977	0.340964280886	0.313289822091	0.242628282731	0.418986254827	0.501438645336	0.233238082614	0.33755020531	0.217989578443	0.278775368818	0.432308365443
PAAD	MRPL24	4	-0.645824689267	-0.294362249201	-0.401046313527	-0.233643956971	-0.739720627747	-0.368568441431	-0.468329255279	-0.401502430458	-0.423274248605	-0.511914735544	-0.322960778295	-0.635279904284	-0.370705858686	-0.696893800432	-0.314078794583	-0.642770865906	-0.473438473741	-0.39494672752	-0.590452997399	-0.220095965682
PAAD	MRPS25	4	-0.547678058687	-0.476931619507	-0.567033717754	-0.455406028687	-0.732189689664	-0.576635444341	-0.861615486359	-0.506064491247	-0.395925430449	-0.871755547524	-0.358180066313	-0.609118399517	-0.609056116486	-0.858901924034	-0.16713161644	-0.788472837952	-0.558961776057	-0.442734387236	-0.597188777394	-0.130167250137
PAAD	PFKFB3	4	0.268326590282	-0.0524075265994	0.103629873701	0.258497676415	0.161782478109	0.311735367411	-0.033910032238	0.108055636202	0.360113987194	0.0858751366262	0.192386168332	0.0295781020931	0.120710259442	0.265125679501	0.28695573913	0.177323251009	0.0630244252809	-0.00925241461268	0.00336761932806	0.246793995811
PAAD	RBBP9	4	-0.0304749092402	-0.0514649768408	-0.10030153985	0.0271301147239	-0.0507617667977	0.152352278955	-0.0992735389689	-0.0639174096661	0.0581224191681	-0.012397210618	0.0547265727381	0.0440115393318	-0.03066963346	-0.0759361371979	0.0871526425528	-0.0647951668376	-0.0349977941467	-0.0856471037404	-0.0515671954329	-0.0906566317312
PAAD	RPL7L1	4	-0.503517898126	-0.81713493835	-0.907961700348	-0.69343386929	-0.987739220112	-0.653462550398	-1.08492661092	-0.675262159171	-0.696480888196	-0.862461109553	-0.616109749051	-0.745039555359	-0.866662574812	-0.93514349215	-0.540715554914	-0.798531885696	-0.633437236144	-0.919936546391	-0.987979746051	-0.838191957379
PAAD	SUCLA2	4	-0.071294624947	-0.331860615965	-0.268378299006	-0.217882559586	-0.209932428162	-0.154745194957	-0.278713457917	-0.307978813938	-0.12612077141	-0.240929201219	-0.180654486683	-0.154205410679	-0.251159729606	-0.397608633338	-0.14733211215	-0.276428697019	-0.133239441998	-0.225932146912	-0.331727733064	-0.0654612551553
PAAD	U2AF1	4	-1.25355470539	-1.25608247951	-1.39554437076	-1.03176225293	-1.11036975226	-1.04688309309	-1.05356671053	-1.30577983858	-0.963273754421	-1.17832246867	-1.15746588059	-1.13605249784	-1.31902194479	-1.16159719211	-1.0469600299	-1.36026004614	-1.10652708465	-1.33424205681	-1.40067149921	-1.16211951079
PAAD	ZCCHC24	4	0.236683822152	0.0954341519126	0.155826371082	0.245917362872	0.146987646267	0.264474537192	0.135676561066	0.196786607636	0.269395304283	0.0930735133198	0.209991815752	0.175589608131	0.125586107011	0.357135904518	0.187131322339	0.112919483522	0.262409716739	0.0841351836483	0.164950667791	0.169591712955
PAAD	ARHGEF1	5	0.047638137109	0.0123730446164	-0.0195891062583	-0.0675061631358	-0.0694840900448	-0.184707129763	0.172573775926	0.050987618003	-0.186404993871	-0.0286365299895	-0.0875664275652	0.310690025902	-0.00744526545733	0.232126815952	-0.108306924259	-0.204981075783	0.256768031795	-0.0890834060778	-0.028922305702	-0.0293015394575
PAAD	CALM3	5	-0.0823785139906	0.0638132151539	-0.0277310787662	-0.0235696963392	0.177686218285	-0.1119591332	-0.212565554043	-0.00746972442036	-0.040925279282	-0.136328717177	-0.0332773761793	0.118750757748	-0.0794936759636	0.124987989244	-0.00538875663663	-0.0673906196489	0.00764284018101	-0.0701426337971	-0.124867715517	-0.0861044994529
PAAD	CELA2A	5	0.0832308824508	-0.0272481405896	-0.0533695877988	-0.190330880296	0.209459265824	0.00668978508324	0.119513783346	-0.0925720185038	0.00162797869886	-0.0554030995118	-0.00954380312763	0.266825321161	-0.0655118393304	0.14243561691	-0.203650931609	-0.0549547268284	0.0814018466038	-0.14884201295	0.10602999126	-0.0784397281151
PAAD	DAB2IP	5	0.217066008197	0.440108738017	0.42083247856	0.471173385955	0.464322119481	0.257761729693	0.413309771435	0.409794434839	0.42344998361	0.429389307638	0.435410402586	0.853087133033	0.367492806098	0.576835891163	0.507786074731	0.485029991925	0.571801366464	0.206384240082	0.410488912231	0.371281727647
PAAD	EGLN2	5	-0.529971307455	-0.476429729255	-0.489056443264	-0.426877289368	-0.308267879013	-0.514684086599	-0.555294868859	-0.522067687003	-0.430025848454	-0.55584344385	-0.510758145029	-0.353252476875	-0.476541687506	-0.382561902025	-0.645495318559	-0.510028861852	-0.197462241726	-0.543789796236	-0.426586641887	-0.481930598163
PAAD	INSIG1	5	-0.0186465005427	0.0634561790251	-0.0174786993468	0.216180766423	0.282656640296	0.146619419882	0.0870712743771	0.0257902221993	0.227685404391	0.128687769244	0.160374170854	0.351999673741	-0.0862060631858	0.479446123349	0.148074025631	0.146277631782	0.174810410245	0.022402017848	-0.184788965517	0.168786224529
PAAD	LACTB	5	-0.173812372125	-0.0787356216063	-0.183158466158	-0.108358732321	0.00564874922566	0.0621435134296	-0.135078260429	-0.154172774191	-0.0657265682866	-0.325576334104	-0.173366731356	0.127421904964	-0.21972246885	-0.0508989856303	-0.106625532324	-0.269003308102	-0.0652049897588	-0.128871588702	-0.217421031046	-0.116013026622
PAAD	MVB12A	5	-0.291886016471	-0.0671389154613	-0.163080478196	-0.0954113458576	0.0241021910404	-0.30503310551	-0.184654189344	-0.151202759446	-0.131166549005	-0.0968497920075	-0.0722906148604	0.0235213649158	-0.0929283263408	0.214262963626	-0.132295834837	-0.180377867942	-0.0934242806958	-0.0349053611189	-0.277038719456	-0.0965913828942
PAAD	MYCL	5	0.0177011763314	0.0633550328699	-0.0818190825133	0.0853174727112	0.18971578784	0.130491676845	0.129561237903	0.107089736314	0.0844229731951	0.046755426568	0.152093796732	0.182109795184	-0.0784974926673	0.26728929023	-0.103624612837	0.0595645926959	0.177682483686	0.0587915040778	-0.0523542613436	0.0645476994428
PAAD	MYL9	5	-0.171341090468	-0.282200713673	-0.416337226607	-0.220965962132	-0.152766641025	-0.165266539405	-0.0914940827496	-0.139815819388	-0.189208076864	-0.14874297542	-0.0744122579306	0.014058575205	-0.236664163002	0.133720475786	-0.284086962945	-0.36118431728	-0.0967224515607	-0.252260690488	-0.522448225473	-0.218451785657
PAAD	PDLIM7	5	-0.249259556149	-0.0127395015667	-0.172516606712	0.12026453111	0.171088589172	-0.198987651321	-0.0413924317318	0.0148874014121	-0.0478074786813	0.114982102746	-0.0621158882986	0.0572227076213	0.0306072253403	0.364025317795	-0.144820806145	-0.0695675371771	0.142205682891	-0.159186437248	-0.0300130779508	-0.29497752689
PAAD	PLAGL2	5	-0.157121281613	-0.599111118318	-0.308011539781	-0.432825484111	-0.0239093612597	-0.301387895524	-0.422146376089	-0.294334481601	-0.31880874886	-0.209223511108	-0.236965301678	-0.209814849135	-0.357897402669	0.193891419159	-0.271611942296	-0.36234321463	-0.18525249794	-0.218495226122	-0.409685102947	-0.326002745361
PAAD	SETD7	5	-0.014814738804	0.0600910783764	-0.076001338086	-0.0354183256054	0.0500192051515	0.0459823342699	-0.0111094039351	0.0545606396988	-0.00569417830229	0.0133314057348	-0.00418770923924	0.177831806708	-0.0212701741811	0.282197186975	0.00686788525347	-0.100564152312	-0.0149679443967	-0.0581492977674	-0.0551693848378	-0.00620919193174
PAAD	SLC9A3R1	5	-0.174872793543	-0.18627866484	-0.147053657147	-0.248295792217	-0.0250135897132	-0.221862375785	-0.0806634897105	-0.120133061646	-0.205946416658	-0.167477363217	-0.246517376485	-0.126951474964	-0.278417047075	0.0577717693498	-0.126097721856	-0.261277799945	-0.0587930081481	-0.15405215918	-0.208746181307	-0.119547320822
PAAD	SNAPC2	5	-1.54725405834	-1.25759466559	-1.45829826765	-1.41584862246	-0.906698659163	-1.28835609349	-1.16341951247	-1.39801071336	-1.48136639768	-1.21050096189	-1.38588249587	-1.29578416778	-1.46480957444	-0.952637565651	-1.42003897213	-1.32358368453	-1.14114799956	-1.47233510692	-1.56669448539	-1.12549822758
PAAD	SPATS2L	5	0.12114930372300001	0.041445729171	-0.0447998034876	0.0254376233893	0.140459133005	0.1107003204	-0.125235269567	0.0447758380099	-0.118877874865	0.0280273048446	-0.0744075633384	0.337384223495	0.0813547239086	0.295243463833	0.0114514191756	0.123247689543	0.164241350102	-0.0582070034054	0.0375072382891	-0.0383761849036
PAAD	STIM2	5	-0.063589909821500007	-0.0885061649435	-0.176212350185	0.114542018	0.173115695476	0.017579342997	-0.0250206943311	-1.17493841471e-4	-0.127737608137	-0.0539750090748	-0.0190827640112	0.071915036799	-0.136214869316	0.299518805432	-0.0303529428093	-0.100501683266	-0.0722270477576	-0.116537883403	-0.0302961121839	-0.129208459615
PAAD	SYTL1	5	0.0778890955025	-0.0386025920446	-0.0657874049669	-0.0349568835822	0.111557126818	-0.0996722859734	0.0746571377682	-0.144988309032	0.0610960770554	0.0355670475491	-0.0332882833773	0.158886406773	-0.0634207356062	0.185484138246	-0.0670789238676	0.0691074064082	0.131529092396	-0.0354740272602	-0.140679328821	0.0230107147611
PAAD	VKORC1	5	0.122744166173	0.0811475405648	-0.0266009755156	0.117585372386	0.00526929397828	0.0859220232224	-0.171458585519	0.0509054514146	-0.0262507867627	-0.0323638588176	-0.0405322574453	0.270118622413	-0.029082052520200002	0.168825944277	0.030639510581	-0.098997171126	0.117134503303	-0.106897966697	-0.0425907602274	-0.0155305921148
PAAD	ZBTB1	5	-0.112678162705	0.154010915531	-0.0875357087679	-0.0327766843865	0.132171933233	-0.00264845362019	-0.0870891706945	0.0689182610309	0.10371296763	0.14481663931	-0.0705918578443	0.31430768991	0.0376674607231	0.248384513852	-0.119812127736	0.191189516045	0.0451267945313	0.0866233743742	0.072740979335	-0.159734148692
PAAD	ZNF701	5	-0.260144888946	-0.115278373794	-0.198572474093	-0.254752827506	-0.107629120163	-0.21983649552	-0.107034071527	-0.169414852501	-0.208785166289	-0.180029774214	-0.270185331783	-0.0337175988021	-0.181799131603	-0.0779063527023	-0.225800567423	-0.267240889172	-0.134214695263	-0.200192160767	-0.290422731687	-0.247273743901
PAAD	ZZEF1	5	-0.156827464375	-0.169693785388	-0.307111055458	-0.147015521498	0.0315006316187	-0.0927958416264	-0.0454399710939	-0.0767769380107	-0.0776433855312	-0.116931266245	-0.153161721463	0.182211057253	0.0323422232639	0.208252095021	-0.180144708595	0.0517104663579	0.0762527045253	-0.214962303922	-0.252651283183	-0.144118664156
PAAD	ABI1	6	-0.0215493238294	-0.256486920264	-0.210889442413	-0.381394150731	-0.202758862895	-0.260537286792	-0.118575367255	-0.118722058321	-0.540829258288	-0.0898935829078	-0.372920787042	-0.519924562685	-0.0656672351438	-0.230494621278	-0.207951149667	-0.119512663376	-0.417744853973	0.0823186239023	-0.0704825786837	-0.555551536765
PAAD	ADCY9	6	-0.021870714245	-0.0121304448414	0.149347979634	-0.106831866306	0.0307565914469	-0.0217100238084	0.122663316292	0.028143568535	-0.146488418893	0.0065581628831	0.00660719477271	0.0192881703097	0.254794311289	0.112002746404	-0.0231878835998	0.167766582268	-0.0302381161068	0.0844545820016	0.00742636833267	-0.0210853413251
PAAD	ATP11B	6	-0.0488170060346	-0.0317314647612	0.0899678716863	-0.0385804903292	0.112396753868	-0.164275818303	0.23813271635	0.0999224663186	0.106346110418	0.145620451726	-0.119046612343	0.0149729756929	0.0029103896066	0.256417751343	-0.0112681878169	0.104228399342	0.151183142032	0.0268485695244	0.0917821260427	-0.11994291753
PAAD	CEP350	6	-0.0380691945022	-0.051246070985	0.0203037460545	-0.377254879305	-0.148094308195	-0.314079306155	-0.0512880770065	-0.0832391129735	-0.363555175184	0.159522236599	-0.329319795446	-0.16219394528	-0.325654359023	-0.0174346980927	-0.59119409406	-0.0554166331036	-0.397105775881	0.141668603757	-0.198440684525	-0.346981260045
PAAD	CLIC4	6	-0.080968402491	0.0495274686012	0.0672851699075	-0.0841255445597	0.0500251284833	-0.0573723416994	-0.0584403785882	0.0967911768054	-0.116269521139	-0.0729401861973	0.0537070415868	0.141687519942	0.126328354971	0.0876098890539	-0.065909263285	0.0160753456366	0.154000585691	0.00413963257983	-0.110173339675	0.0121380046426
PAAD	DHRS4L2	6	-0.0657081685223	0.149263533158	0.0201604565575	-0.0327852804054	-0.0335798682526	-0.0843979854436	-0.00242700529522	-0.100478475396	-0.149653875311	0.142936074281	0.0273228719505	0.174633646906	0.012110016997	0.173303108783	-0.0222434563125	0.145994360956	0.136324627979	0.0633998170377	0.14985763832	-0.297902416856
PAAD	EXOSC2	6	-1.31832970297	-1.2163226201	-1.02983858964	-1.2131172078	-1.07290402174	-1.32056521495	-0.989972389324	-0.995722401544	-1.2256768191	-1.03869026455	-1.07979987199	-1.2641457333	-1.12363428261	-0.989779476539	-1.15294097003	-0.862548768279	-1.09550931969	-1.11792913001	-0.894177817943	-1.20545636108
PAAD	GDI2	6	-0.596958826204	-0.264346508631	-0.437746567982	-0.800482084174	-0.0615679764211	-0.272833062922	-0.365206918355	-0.200157045974	-0.259070650796	-0.0737999603678	-0.423279205359	-0.315679734844	-0.254672779487	-0.379409295635	-0.590492054031	-0.0281410005773	-0.142216210219	-0.179889461696	-0.251341324163	-0.598251390773
PAAD	MESD	6	-0.383925824349	0.186402099917	-0.13322797879	-0.302133722025	-0.0897786883005	-0.386182136247	-0.236917436659	-0.176680947959	-0.316850336884	-0.0994736592466	-0.334171715713	-0.286624994773	-0.0744509428828	-0.197941572857	-0.248689714783	-0.124473163965	-0.143239203266	-0.0938769671902	-0.197993106725	-0.327473707735
PAAD	METTL3	6	-1.16797834827	-0.826068245381	-0.821167803041	-1.4496041349	-0.828792841557	-1.03744430868	-0.753244987846	-0.845811186166	-1.09704098746	-0.912624898528	-0.957277632288	-1.0802088436	-0.979775029618	-1.00094575643	-0.993724814787	-0.743182060951	-0.986618196123	-0.777832564865	-0.903073249536	-1.04364276186
PAAD	SNAPC5	6	-1.47447882734	-1.48217595853	-1.56782244915	-1.64545275924	-1.45791379295	-1.44128673348	-1.58955553921	-1.36763101783	-1.74102063546	-1.44886205198	-1.60131164471	-1.318291113	-1.30125708886	-1.3762979064	-1.60216212855	-1.39774976619	-1.37033976586	-1.47795696962	-1.42341146809	-1.51407099228
PAAD	SPNS2	6	-0.150054145757	-0.0623459111737	0.00966636640799	-0.249827653753	-0.131058458441	-0.146559642336	0.062222245249	-0.0444721723271	-0.126989586041	-0.0521586349102	-0.152933987543	0.0427862972943	0.104123323179	-0.252758778098	-0.217340425022	-0.0234142692378	-0.0619054040419	-0.0482815901465	-0.0292687921107	-0.133347904952
PAAD	TMED1	6	-0.164007989553	-0.0657908663038	-0.0706889235787	-0.243343384181	-0.296843658134	-0.176299502873	-0.173711209727	-0.129122238574	-0.268586535168	-0.0684211925224	-0.0355885584916	-0.264131222053	-0.20923314131	-0.222342098937	-0.121614821324	-0.0378978189374	-0.247565845069	0.0210920370338	-0.17437581815	-0.112403728094
PAAD	TMED2	6	-0.563613076978	-0.192137596741	-0.761284421338	-1.06523577337	-1.14377535626	-0.935577689421	-0.561531927013	-0.284556588925	-1.05057487261	-0.749007881067	-1.27416769921	-0.8892464611	-0.622201440971	-0.703463373804	-1.08937048798	-0.475590907996	-0.559988402213	-0.707369616101	-0.94988932029	-1.02715579454
PAAD	TMEM107	6	-0.180751494148	-0.199526645014	0.0405613303964	-0.0980042486147	6.02900949643e-4	-0.158083343181	0.0016525635558	-0.0296358981281	-0.0565699904592	0.00649629073119	-0.0449083073329	0.0397301767145	0.0437341494285	0.116517783434	-0.131824577572	0.0224935543469	2.73722115425e-4	-0.0897296228607	0.202684699043	-0.266639306183
PAAD	UPF2	6	-1.17995235861	-1.21123522627	-0.749274069318	-1.29661359332	-1.04957920581	-1.11511051209	-1.03877420885	-0.925665675483	-1.22009899225	-1.04123551533	-1.29116589724	-1.13205922249	-0.926631608223	-1.16184633042	-1.2740908419	-1.14250382761	-1.21256031613	-1.10039333904	-1.13048585019	-1.20158463367
